epoch,train_loss,val_loss
1,17.0325,3.4696
2,11.2549,2.8300
3,8.5084,1.6001
4,4.4402,0.5347
5,1.1838,0.1335
6,0.4061,0.0827
7,0.3126,0.0673
8,0.3004,0.0613
9,0.2893,0.0729
10,0.2737,0.0619
11,0.2588,0.0643
12,0.2386,0.0601
13,0.2419,0.0614
14,0.2316,0.0606
15,0.2197,0.0526
16,0.2090,0.0522
17,0.2022,0.0543
18,0.2040,0.0489
19,0.1933,0.0505
20,0.1965,0.0493
21,0.1931,0.0496
22,0.1930,0.0479
23,0.1931,0.0490
24,0.1878,0.0457
25,0.1842,0.0453
26,0.1797,0.0450
27,0.1824,0.0441
28,0.1761,0.0457
29,0.1824,0.0499
30,0.1822,0.0465
31,0.1760,0.0445
32,0.1758,0.0446
33,0.1745,0.0434
34,0.1717,0.0424
35,0.1675,0.0434
36,0.1700,0.0421
37,0.1670,0.0434
38,0.1645,0.0422
39,0.1692,0.0407
40,0.1661,0.0423
41,0.1646,0.0412
42,0.1683,0.0425
43,0.1617,0.0416
44,0.1654,0.0417
45,0.1620,0.0409
46,0.1590,0.0397
47,0.1596,0.0409
48,0.1602,0.0410
49,1.1235,0.5147
50,0.4625,0.0939
51,0.3588,0.0823
52,0.3136,0.0729
53,0.2934,0.0690
54,0.2799,0.0703
55,0.2645,0.0694
56,0.2537,0.0608
57,0.2519,0.0604
58,0.2361,0.0572
59,0.2257,0.0562
60,0.2229,0.0607
61,0.2192,0.0518
62,0.2130,0.0569
63,0.2059,0.0534
64,0.2066,0.0509
65,0.2024,0.0495
66,0.1975,0.0484
67,0.1964,0.0470
68,0.1921,0.0486
69,0.1922,0.0484
70,0.1874,0.0459
71,0.1862,0.0457
72,0.1812,0.0489
73,0.1846,0.0470
74,0.1878,0.0440
75,0.1830,0.0448
76,0.1804,0.0428
77,0.1743,0.0431
78,0.1737,0.0446
79,0.1747,0.0429
80,0.1730,0.0451
81,0.1728,0.0445
82,0.1703,0.0427
83,0.1709,0.0445
84,0.1695,0.0428
85,0.1704,0.0422
86,0.1682,0.0415
87,0.1644,0.0431
88,0.1660,0.0434
89,0.1620,0.0403
90,0.1636,0.0413
91,0.1624,0.0415
92,0.1598,0.0413
93,0.1600,0.0420
94,0.1585,0.0409
95,0.1583,0.0422
96,0.1627,0.0407
97,0.1588,0.0418
98,0.1583,0.0402
99,0.1556,0.0407
100,0.1535,0.0395
101,0.1527,0.0396
102,0.1531,0.0394
103,0.1532,0.0393
104,0.1545,0.0392
105,0.1520,0.0392
106,0.1506,0.0380
107,0.1490,0.0376
108,0.1540,0.0388
109,0.1497,0.0393
110,0.1497,0.0371
111,0.1418,0.0362
112,0.1410,0.0362
113,0.1393,0.0360
114,0.1386,0.0358
115,0.1394,0.0360
116,0.1393,0.0355
117,0.1392,0.0357
118,0.1380,0.0360
119,0.1393,0.0355
120,0.1377,0.0354
121,0.1379,0.0351
122,0.1371,0.0362
123,0.1366,0.0365
124,0.1367,0.0359
125,0.1376,0.0351
126,0.1388,0.0355
127,0.1376,0.0350
128,0.1359,0.0348
129,0.1352,0.0352
130,0.1366,0.0365
131,0.1387,0.0352
132,0.1383,0.0347
133,0.1367,0.0352
134,0.1354,0.0344
135,0.1358,0.0349
136,0.1359,0.0349
137,0.1373,0.0344
138,0.1359,0.0347
139,0.1343,0.0345
140,0.1348,0.0353
141,0.1353,0.0348
142,0.1349,0.0353
143,0.1350,0.0348
144,0.1357,0.0350
145,0.1343,0.0348
146,0.1362,0.0349
147,0.1353,0.0343
148,0.1337,0.0346
149,0.1310,0.0344
150,0.1331,0.0345
151,0.1336,0.0343
152,0.1349,0.0347
153,0.1347,0.0347
154,0.1326,0.0340
155,0.1344,0.0345
156,0.1334,0.0349
157,0.1331,0.0356
158,0.1324,0.0340
159,0.1337,0.0343
160,0.1319,0.0342
161,0.1335,0.0343
162,0.1315,0.0345
163,0.1315,0.0339
164,0.1298,0.0346
165,0.1312,0.0343
166,0.1314,0.0343
167,0.1300,0.0342
168,0.1293,0.0338
169,0.1302,0.0334
170,0.1303,0.0342
171,0.1292,0.0335
172,0.1288,0.0339
173,0.1294,0.0341
174,0.1315,0.0335
175,0.1277,0.0335
176,0.1287,0.0341
177,0.1290,0.0335
178,0.1271,0.0335
179,0.1279,0.0346
180,0.1298,0.0339
181,0.1285,0.0340
182,0.1269,0.0340
183,0.1292,0.0342
184,0.1281,0.0344
185,0.1278,0.0335
186,0.1256,0.0339
187,0.1267,0.0331
188,0.1251,0.0329
189,0.1261,0.0336
190,0.1270,0.0337
191,0.1241,0.0334
192,0.1283,0.0328
193,0.1294,0.0344
194,0.1277,0.0339
195,0.1263,0.0333
196,0.1246,0.0330
197,0.1279,0.0337
198,0.1254,0.0333
199,0.1251,0.0336
200,0.1260,0.0329
201,0.1239,0.0328
202,0.1246,0.0331
203,0.1259,0.0329
204,0.1239,0.0330
205,0.1237,0.0337
206,0.1270,0.0330
207,0.1220,0.0331
208,0.1238,0.0328
209,0.1236,0.0330
210,0.1255,0.0335
211,0.1233,0.0327
212,0.1223,0.0347
213,0.1242,0.0328
214,0.1240,0.0331
215,0.1252,0.0321
216,0.1227,0.0328
217,0.1208,0.0318
218,0.1230,0.0337
219,0.1242,0.0327
220,0.1218,0.0325
221,0.1228,0.0328
222,0.1217,0.0320
223,0.1231,0.0319
224,0.1226,0.0328
225,0.1216,0.0320
226,0.1203,0.0332
227,0.1232,0.0319
228,0.1231,0.0321
229,0.1214,0.0330
230,0.1194,0.0319
231,0.1210,0.0316
232,0.1213,0.0320
233,0.1214,0.0321
234,0.1212,0.0316
235,0.1201,0.0328
236,0.1195,0.0324
237,0.1201,0.0314
238,0.1212,0.0321
239,0.1190,0.0321
240,0.1207,0.0328
241,0.1225,0.0318
242,0.1214,0.0318
243,0.1187,0.0317
244,0.1193,0.0328
245,0.1199,0.0327
246,0.1197,0.0314
247,0.1204,0.0327
248,0.1202,0.0317
249,0.1209,0.0318
250,0.1191,0.0318
251,0.1193,0.0316
252,0.1191,0.0313
253,0.1196,0.0315
254,0.1169,0.0312
255,0.1194,0.0325
256,0.1206,0.0309
257,0.1171,0.0322
258,0.1182,0.0316
259,0.1164,0.0316
260,0.1187,0.0316
261,0.1137,0.0306
262,0.1146,0.0302
263,0.1133,0.0304
264,0.1123,0.0308
265,0.1157,0.0304
266,0.1127,0.0304
267,0.1135,0.0304
268,0.1126,0.0305
269,0.1125,0.0307
270,0.1139,0.0304
271,0.1137,0.0307
272,0.1126,0.0307
273,0.1134,0.0302
274,0.1125,0.0303
275,0.1135,0.0304
276,0.1127,0.0306
277,0.1110,0.0304
278,0.1122,0.0307
279,0.1097,0.0304
280,0.1127,0.0307
281,0.1143,0.0307
282,0.1123,0.0308
283,0.1129,0.0305
284,0.1129,0.0308
285,0.1123,0.0302
286,0.1137,0.0304
287,0.1122,0.0304
288,0.1127,0.0309
289,0.1143,0.0312
290,0.1153,0.0305
291,0.1120,0.0304
292,0.1134,0.0307
293,0.1131,0.0303
294,0.1122,0.0303
295,0.1123,0.0306
296,0.1118,0.0309
297,0.1123,0.0306
298,0.1124,0.0306
299,0.1137,0.0306
300,0.1132,0.0304
301,0.1132,0.0300
302,0.1127,0.0306
303,0.1126,0.0302
304,0.1110,0.0303
305,0.1110,0.0305
306,0.1127,0.0303
307,0.1103,0.0303
308,0.1105,0.0308
309,0.1107,0.0304
310,0.1110,0.0303
311,0.1112,0.0301
